0,1,1088.5,677.0
0,2,1115.921686746988,1117.710843373494
0,3,1100.888888888889,1215.862745098039
1,1,1110.7446808510638,785.6595744680851
1,2,1065.1818181818182,1233.7552447552448
1,3,1117.2941176470588,1325.5294117647059
1,4,1074.9666666666667,1338.9
2,1,1086.8809523809523,690.6190476190476
2,2,1082.0736842105264,1449.5894736842106
3,1,1082.8909090909092,609.1272727272727
3,2,1084.4404761904761,1065.107142857143
3,3,1116.3684210526317,1134.7894736842106
4,1,1090.95,620.575
4,2,1075.460358056266,809.8107416879795
4,3,1085.0,829.5
4,4,1083.5806451612902,1192.0645161290322
4,5,1168.7142857142858,1241.5
4,6,1083.2857142857142,1299.5
4,7,1022.9285714285714,1629.375
4,8,1064.945945945946,1635.2972972972973
5,1,1076.375,663.265625
5,2,1095.3125,721.859375
5,3,1088.1940298507463,745.2014925373135
5,4,1121.8,786.6
5,5,1081.061224489796,1008.4183673469388
5,6,1043.632911392405,1201.367088607595
5,7,1122.9183673469388,1277.2448979591836
6,1,1051.012048192771,640.6626506024096
6,2,1093.1361256544503,1020.1884816753927
7,1,1091.612676056338,747.4507042253521
7,2,1061.9130434782608,875.4347826086956
8,1,1075.1351351351352,837.4121621621622
8,2,1030.5733333333333,1330.0
8,3,1117.3760683760684,1449.6410256410256
8,4,1095.0961538461538,1521.3846153846155
9,1,1056.56,381.4
9,2,1112.4117647058824,599.4313725490196
9,3,1099.6666666666667,798.6666666666666
9,4,1133.528735632184,1075.448275862069
9,5,1187.7987012987012,1253.2662337662337
9,6,1116.1880341880342,1267.4957264957266
9,7,1094.7166666666667,1357.8833333333334
10,1,1102.9794520547946,744.4794520547945
10,2,1098.0,850.0
10,3,1078.6842105263158,938.8157894736842
10,4,1076.7578125,1022.453125
11,1,1127.840425531915,654.186170212766
11,2,1074.729411764706,926.4941176470588
11,3,1107.2051282051282,1229.820512820513
11,4,1049.473404255319,1368.3244680851064
11,5,1099.3265306122448,1377.8843537414966
12,1,1097.2068965517242,597.0727969348659
12,2,1092.4516129032259,829.1720430107526
12,3,1089.1307692307691,875.1
12,4,1077.8461538461538,1205.4615384615386
12,5,1108.7045454545455,1420.9621212121212
12,6,1071.0,1816.0
13,1,1056.7605633802816,1184.3661971830986
13,2,1112.5,1189.0
13,3,1034.5862068965516,1337.103448275862
14,1,1115.235294117647,855.843137254902
14,2,1050.9442231075698,1138.5537848605577
14,3,1164.75,1557.3636363636363
15,1,1088.3064516129032,605.0483870967741
15,2,1068.5294117647059,927.3529411764706
15,3,1081.2649006622516,933.1986754966888
15,4,1104.1709401709402,1138.948717948718
16,1,1094.281690140845,807.6338028169014
16,2,1072.4117647058824,990.7205882352941
16,3,1124.6756756756756,1619.3243243243244
17,1,1088.7922077922078,650.1298701298701
17,2,1144.8826815642458,963.195530726257
17,3,1093.5,995.5
17,4,1087.0,1307.5
18,1,1107.8152173913043,578.5652173913044
18,2,1077.8066298342542,752.1906077348066
18,3,1053.680412371134,862.2938144329897
18,4,1123.9246861924687,1039.3598326359834
18,5,1106.1855670103093,1274.319587628866
19,1,1014.5985247629084,629.4689146469968
19,2,1067.4197530864199,668.8518518518518
19,3,1097.909090909091,1049.909090909091
19,4,1093.0824175824175,1088.9120879120878
19,5,1087.6666666666667,1195.25
20,1,1107.0869565217392,702.2173913043479
20,2,1094.4235294117648,751.9529411764706
20,3,1047.1666666666667,798.0666666666667
20,4,1099.7857142857142,964.5
20,5,1072.7671232876712,1360.3698630136987
21,1,1091.2978723404256,866.936170212766
21,2,1093.3963963963963,940.7117117117117
21,3,1087.560975609756,1201.739837398374
22,1,1076.3823529411766,743.5
22,2,1098.9074074074074,793.7222222222222
22,3,1108.7894736842106,851.1052631578947
22,4,1048.4117647058824,922.8308823529412
22,5,1078.2619047619048,1204.1904761904761
23,1,1068.5,967.5
23,2,1051.075,1013.2
23,3,1089.8333333333333,1235.2777777777778
24,1,1150.528735632184,1107.551724137931
24,2,1154.9423076923076,1369.9423076923076
24,3,1100.2592592592594,1460.851851851852
25,1,1099.5652173913043,531.3478260869565
25,2,1059.3333333333333,972.6559139784946
25,3,1109.3235294117646,1345.4117647058824
26,1,1086.298245614035,401.10526315789474
26,2,1066.0309278350514,1215.701030927835
26,3,1039.9761904761904,1546.6904761904761
27,1,1154.567901234568,1043.3703703703704
28,1,1114.0,760.5
28,2,1084.4117647058824,921.1176470588235
28,3,1108.5,1121.5
29,1,1092.2953367875648,408.9378238341969
29,2,1093.5955056179776,894.2359550561798
29,3,1065.8837209302326,950.8837209302326
29,4,1097.017543859649,1430.122807017544
29,5,1107.8333333333333,1610.8333333333333
30,1,998.8823529411765,765.5882352941177
30,2,1102.9830508474577,780.1864406779661
30,3,1028.5,1069.5
30,4,1086.5,1119.909090909091
30,5,1161.6752136752136,1215.5384615384614
31,1,1083.48,559.4
31,2,1056.9262295081967,636.2704918032787
31,3,1102.8,853.6666666666666
31,4,1075.5584415584415,1099.1038961038962
31,5,1076.234375,1143.046875
31,6,1071.5,1293.0
31,7,1116.5,1303.4920634920634
31,8,1069.4313725490197,1561.3333333333333
32,1,1107.4666666666667,438.8888888888889
32,2,1101.2325581395348,646.9069767441861
32,3,1061.6628787878788,859.4280303030303
32,4,1067.4262295081967,911.0
32,5,1081.4331210191083,1283.9617834394905
32,6,1088.7272727272727,1550.5
33,1,1056.875,538.3333333333334
33,2,1080.5483870967741,581.7096774193549
33,3,1065.34,630.1
33,4,1083.3934426229507,682.7049180327868
33,5,1082.489655172414,700.0
33,6,1090.8095238095239,906.3492063492064
33,7,1071.3333333333333,985.3333333333334
33,8,1084.4117647058824,1103.8823529411766
33,9,1128.3636363636363,1106.2272727272727
33,10,1114.5180722891566,1375.012048192771
33,11,1109.357142857143,1487.3428571428572
34,1,1075.248447204969,811.9813664596273
34,2,1087.3474576271187,959.4152542372881
34,3,1090.159574468085,1314.9893617021276
34,4,1028.1333333333334,1417.56
35,1,1092.0648148148148,732.925925925926
35,2,1102.5,922.5
35,3,1134.7439759036145,988.8253012048193
35,4,1084.2735042735044,1058.2905982905984
35,5,1075.9178082191781,1200.1438356164383
36,1,1087.3854166666667,773.9375
36,2,1074.0,1131.2439024390244
37,1,1150.5,552.0
37,2,1087.25,599.95
37,3,999.8953488372093,646.8837209302326
37,4,1094.5,893.7142857142857
37,5,1081.171875,1119.171875
37,6,1080.5677966101696,1185.5677966101696
37,7,1040.75,1205.6153846153845
37,8,1045.7560975609756,1308.0
38,1,1060.2857142857142,404.5
38,2,1110.675,1068.025
38,3,1095.4347826086957,1250.0869565217392
38,4,1077.1666666666667,1533.8333333333333
39,1,1042.5238095238096,892.7809523809524
39,2,1084.3461538461538,1236.320512820513
39,3,1109.5,1359.5
40,1,1036.2,352.9
40,2,1157.8395061728395,496.9259259259259
40,3,1103.128205128205,1300.7564102564102
40,4,1063.1,1412.75
41,1,1100.1333333333334,505.075
41,2,1054.5757575757575,571.8030303030303
41,3,1126.4137931034484,959.7241379310345
41,4,1107.6545454545455,1239.5454545454545
42,1,1103.0485436893205,1065.5242718446602
42,2,1086.9767441860465,1182.4186046511627
42,3,1028.404761904762,1282.3492063492063
43,1,1092.4285714285713,665.3383458646616
43,2,1109.1935483870968,758.8709677419355
43,3,1084.0128205128206,794.8076923076923
43,4,1082.8,1114.1076923076923
43,5,1095.0,1206.0
44,1,1076.4115044247787,682.6150442477876
44,2,1084.8235294117646,862.3970588235294
44,3,1087.6753246753246,1066.8831168831168
44,4,1075.6833333333334,1259.7833333333333
44,5,1165.8103448275863,1450.7241379310344
45,1,1147.0,861.0
45,2,1081.2820512820513,1687.1538461538462
46,1,1098.3076923076924,740.7094017094017
46,2,1075.7611940298507,758.5721393034826
46,3,1117.5393258426966,786.0449438202247
46,4,1087.4594594594594,952.918918918919
46,5,1108.3684210526317,991.7894736842105
46,6,1091.5,1052.5
46,7,1084.388888888889,1314.861111111111
46,8,1074.1554054054054,1412.9662162162163
47,1,1084.2368421052631,484.05263157894734
47,2,1106.6153846153845,684.3846153846154
47,3,1096.142857142857,777.7142857142857
47,4,1097.5555555555557,842.7555555555556
47,5,1067.1904761904761,1263.952380952381
47,6,1069.7021276595744,1659.7446808510638
48,1,1086.6944444444443,581.6666666666666
48,2,1101.5882352941176,708.8823529411765
48,3,1085.0625,744.875
48,4,1062.857142857143,798.952380952381
48,5,1094.1666666666667,811.9285714285714
48,6,1098.0,1067.8239436619717
48,7,1093.8775510204082,1121.1122448979593
48,8,1073.126984126984,1586.2380952380952
49,1,1100.0,1216.8
50,1,1214.1530054644809,801.3497267759562
50,2,1105.4074074074074,951.7407407407408
50,3,1098.7924528301887,1181.5471698113208
50,4,1110.741573033708,1574.7078651685392
51,1,1165.1851851851852,375.22222222222223
51,2,1148.6136363636363,765.8863636363636
51,3,1115.6527777777778,1070.1805555555557
51,4,1045.127659574468,1159.8581560283687
51,5,1109.0309278350514,1240.5
51,6,1053.0,1289.0
51,7,1040.40625,1415.75
52,1,1087.7522935779816,706.9357798165138
52,2,1090.576923076923,1171.2179487179487
52,3,1058.5,1170.7857142857142
52,4,1107.851851851852,1555.7777777777778
53,1,1083.2,360.16
53,2,1091.0,867.4262295081967
53,3,1134.472,1134.72
53,4,1112.0,1288.5
54,1,1106.6153846153845,314.38461538461536
54,2,1118.2272727272727,1056.0
54,3,1062.1685393258426,1189.4719101123596
54,4,1039.8461538461538,1296.875
55,1,1088.0,883.0
55,2,1062.5869565217392,1326.5434782608695
55,3,1096.842105263158,1343.157894736842
55,4,1415.6923076923076,1547.7692307692307
56,1,1119.9024390243903,1017.910569105691
57,1,1065.2948717948718,894.0
57,2,1101.107142857143,1007.4196428571429
57,3,1079.5677966101696,1167.5677966101696
57,4,1015.0,1390.7037037037037
58,1,1089.2058823529412,641.2745098039215
58,2,1111.0,783.0
58,3,1082.5,964.0
58,4,1114.651376146789,1504.9816513761468
58,5,1016.9718309859155,1681.0
59,1,1091.4054054054054,764.7567567567568
59,2,1114.40625,803.3645833333334
59,3,1089.822429906542,820.4579439252336
59,4,1091.2833333333333,1374.1166666666666
60,1,1059.8484848484848,965.939393939394
60,2,1107.4953271028037,1254.214953271028
60,3,1055.446153846154,1400.4615384615386
60,4,1104.9159663865546,1466.8487394957983
61,1,1091.7692307692307,562.3846153846154
61,2,1047.4411764705883,1325.3823529411766
62,1,1128.840909090909,337.25
62,2,1111.5857142857142,983.4142857142857
62,3,1088.8048780487804,1030.3739837398373
62,4,1124.7699115044247,1076.7699115044247
62,5,1077.3333333333333,1371.5
62,6,1156.0,1433.0
62,7,1084.0,1656.3636363636363
63,1,1060.4,988.4
63,2,1094.1046511627908,1140.9418604651162
63,3,1092.1157024793388,1276.8264462809918
64,1,1093.9642857142858,812.5892857142857
64,2,1078.948275862069,902.051724137931
64,3,1099.5,1185.2222222222222
64,4,1097.0434782608695,1204.391304347826
64,5,1107.5,1359.5
64,6,971.0877192982456,1407.4035087719299
66,1,1115.959595959596,600.5757575757576
66,2,1100.0,649.5
66,3,1096.611111111111,775.074074074074
66,4,1086.2173913043478,1257.391304347826
67,1,1095.8260869565217,668.4565217391304
67,2,1086.9027777777778,751.4861111111111
67,3,1106.2315789473685,1435.2842105263157
68,1,1094.2222222222222,692.2740740740741
68,2,1100.2340425531916,848.9148936170212
68,3,1085.910447761194,1105.910447761194
68,4,1070.0,1340.0
68,5,1083.1764705882354,1615.0
70,1,1001.0621118012423,501.59627329192546
70,2,1111.2333333333333,580.8777777777777
70,3,1094.3214285714287,811.2857142857143
70,4,1060.5192307692307,817.3653846153846
70,5,1093.1739130434783,1030.0
70,6,1102.2222222222222,1055.7037037037037
70,7,1054.5,1465.5
70,8,1103.5416666666667,1760.625
71,1,1087.7135922330096,640.6262135922331
71,2,1109.628048780488,901.2439024390244
71,3,1090.6,956.6
71,4,1083.2948717948718,1141.679487179487
71,5,878.2465753424658,1482.3607305936073
72,1,1060.5,1025.5
72,2,1131.3333333333333,1248.260162601626
72,3,1055.1733333333334,1417.8466666666666
72,4,1047.2477876106195,1461.283185840708
73,1,1079.1538461538462,383.989010989011
73,2,1099.2285714285715,422.4095238095238
73,3,1056.6363636363637,681.5454545454545
73,4,1115.4074074074074,968.925925925926
73,5,1024.4164524421594,1216.3239074550129
73,6,1091.0697674418604,1628.4883720930231
74,1,1089.079207920792,618.2079207920792
74,2,1107.4807692307693,670.4615384615385
74,3,1083.5289256198348,1242.1404958677685
75,1,1133.2153846153847,944.8153846153846
75,2,1043.3513513513512,1216.5945945945946
75,3,1093.3125,1346.8125
76,1,1084.4590163934427,711.672131147541
76,2,1085.2439024390244,965.0
76,3,1100.128205128205,1020.8717948717949
76,4,1069.707423580786,1205.9519650655022
76,5,1155.5,1343.5
77,1,1071.5714285714287,741.530612244898
77,2,1091.0,760.425
77,3,1106.3636363636363,1114.0075757575758
77,4,1089.7636363636364,1220.3454545454545
78,1,1090.5,1240.7857142857142
79,1,1061.2738853503186,865.4585987261147
79,2,1123.5411764705882,1576.5294117647059
80,1,1070.25,501.3636363636364
80,2,1112.0,682.6470588235294
80,3,1093.8695652173913,709.5217391304348
80,4,1132.5066666666667,1500.96
81,1,1105.6774193548388,1267.8629032258063
82,1,1197.828125,775.09375
82,2,1092.929347826087,1098.7173913043478
82,3,1069.5,1228.2857142857142
83,1,1080.278409090909,672.4886363636364
83,2,1095.6373626373627,732.032967032967
84,1,1108.8030303030303,385.969696969697
84,2,1094.111111111111,751.3333333333334
84,3,1074.8095238095239,903.1428571428571
84,4,1094.5714285714287,1330.142857142857
85,1,1059.888888888889,382.3333333333333
85,2,1098.4148936170213,566.3244680851063
85,3,1180.40625,638.15625
85,4,1093.5212765957447,682.3936170212766
85,5,1060.3636363636363,1075.5757575757575
85,6,1035.657894736842,1676.9473684210527
86,1,1094.3168316831684,784.6485148514852
86,2,1074.4186046511627,882.4186046511628
86,3,1074.75,950.25
86,4,1096.7525773195875,1069.1752577319587
86,5,1084.1632653061224,1258.6836734693877
86,6,1080.608695652174,1470.4782608695652
86,7,1045.3382352941176,1492.139705882353
87,1,1093.3333333333333,612.8928571428571
87,2,1096.5950704225352,717.7112676056338
87,3,1017.0520833333334,751.46875
87,4,1081.979797979798,771.5050505050505
87,5,1124.2868852459017,1135.639344262295
88,1,1079.5,583.2
88,2,1082.4581280788177,615.4334975369458
88,3,1146.980198019802,640.5049504950495
88,4,1110.7176470588236,901.9764705882353
88,5,1080.6727272727273,993.4363636363636
88,6,1094.0,1079.6184210526317
88,7,1093.3333333333333,1131.111111111111
88,8,1070.051282051282,1306.008547008547
88,9,1052.5,1484.0
89,1,1085.2595419847328,697.9312977099237
89,2,1105.0,898.5
89,3,1092.5757575757575,1320.2424242424242
90,1,1109.3151515151515,461.09090909090907
90,2,1069.7445255474452,886.1240875912408
90,3,1107.6666666666667,1284.6666666666667
90,4,1112.422857142857,1297.0514285714285
91,1,1088.8148148148148,757.6455026455027
91,2,1066.6923076923076,950.3461538461538
91,3,1078.6050420168067,1187.3949579831933
91,4,1028.7857142857142,1376.5
92,1,1081.1158536585365,587.859756097561
92,2,1041.6666666666667,1732.3333333333333
93,1,1033.837837837838,655.8918918918919
93,2,1117.3125,650.1875
93,3,1064.378787878788,948.3181818181819
93,4,1088.5,1165.7391304347825
93,5,1057.0,1675.5
94,1,1094.8285714285714,925.0
94,2,1085.0,1002.5
94,3,1082.849315068493,1300.6712328767123
95,1,1108.4444444444443,982.7777777777778
95,2,1058.9017857142858,1330.7857142857142
96,1,1076.7132867132866,758.8601398601398
96,2,1072.3333333333333,1043.888888888889
96,3,1109.7826086956522,1224.2391304347825
97,1,1108.2285714285715,636.6571428571428
97,2,1056.9763313609467,817.8816568047338
97,3,1094.4396551724137,942.1810344827586
98,1,1104.263888888889,495.4861111111111
98,2,1052.8521739130435,630.0260869565218
98,3,1077.0281690140846,692.2676056338029
98,4,1096.4324324324325,773.2567567567568
98,5,1125.581818181818,1025.8909090909092
98,6,1093.0,1140.0
98,7,1107.9259259259259,1338.537037037037
98,8,1156.44776119403,1472.0298507462687
98,9,1148.03125,1612.28125
99,1,1151.15,646.6166666666667
99,2,1040.0992366412213,1740.7251908396947
100,1,1064.7241379310344,1023.4137931034483
101,1,1099.0142857142857,747.6857142857143
102,1,1105.357142857143,674.1098901098901
102,2,1110.9788135593221,743.5847457627119
102,3,1084.0655737704917,1033.2459016393443
102,4,1060.0,1398.5
103,1,1101.3666666666666,855.3666666666667
103,2,1091.910447761194,1025.910447761194
103,3,1120.0,1037.1739130434783
103,4,1052.3170731707316,1068.5121951219512
103,5,1074.6352941176472,1238.5529411764705
104,1,1081.3846153846155,355.9230769230769
104,2,1094.8955223880596,392.910447761194
104,3,1109.888888888889,769.6666666666666
104,4,1103.418181818182,817.2872727272727
104,5,1046.323076923077,906.1692307692308
104,6,1114.125,1030.125
104,7,1119.9622641509434,1144.3962264150944
104,8,1052.9285714285713,1433.5142857142857
105,1,1094.4647887323943,612.830985915493
105,2,1060.2380952380952,885.8095238095239
105,3,1097.013698630137,910.6438356164383
105,4,1087.5,1107.2941176470588
105,5,1106.578947368421,1125.328947368421
105,6,1061.0,1338.0
105,7,1111.5882352941176,1373.096256684492
105,8,1091.5,1371.0
105,9,1108.3478260869565,1388.5
105,10,998.16,1580.42
106,1,1103.0642201834862,802.1284403669724
106,2,1092.6333333333334,1133.8111111111111
106,3,1092.3578947368421,1361.821052631579
107,1,1132.471264367816,610.8390804597701
107,2,1072.2666666666667,1694.6666666666667
108,1,1069.890410958904,530.4246575342465
108,2,1102.0,618.875
108,3,1100.184331797235,642.6405529953917
108,4,1091.85,801.7
108,5,1061.4084507042253,1027.643192488263
108,6,1141.4516129032259,1292.0752688172042
108,7,1062.3111111111111,1624.7111111111112
109,1,1118.8034188034187,1018.2307692307693
109,2,1090.4,1539.2
110,1,1125.3076923076924,541.0
110,2,999.9487179487179,1588.6410256410256
111,1,1097.016501650165,454.4752475247525
111,2,1133.8415841584158,705.0841584158416
111,3,1094.1739130434783,762.3333333333334
111,4,1147.7,970.7
111,5,1088.0,1013.0
111,6,1183.0615384615385,1155.6923076923076
111,7,1103.0,1690.0
112,1,1081.1636363636364,609.3636363636364
112,2,1085.2142857142858,738.2571428571429
112,3,1096.2553191489362,823.3297872340426
112,4,1094.0,996.7560975609756
112,5,1083.0,1225.5
113,1,1082.8,781.0
113,2,1103.875,933.875
113,3,1134.3620689655172,977.4655172413793
113,4,1133.5478260869565,1148.6173913043478
113,5,1071.293023255814,1183.632558139535
114,1,1067.560669456067,409.56066945606693
114,2,1088.7058823529412,723.0980392156863
114,3,1102.2189781021898,900.1240875912408
115,1,1115.5223880597016,657.776119402985
115,2,1094.857142857143,1006.8095238095239
116,1,1124.9764150943397,919.8679245283018
116,2,1106.5,950.0
116,3,1072.28125,1275.09375
116,4,1092.8170731707316,1367.1341463414635
117,1,1064.1301775147929,708.2958579881657
117,2,1090.5862068965516,939.7241379310345
117,3,1086.245283018868,1102.698113207547
119,1,1099.0,340.0
119,2,1092.5507246376812,504.0289855072464
119,3,1094.625,815.1416666666667
120,1,1101.8918918918919,354.52702702702703
120,2,1140.0655737704917,609.7049180327868
120,3,1089.9285714285713,635.2142857142857
120,4,1066.9130434782608,730.9565217391304
120,5,1087.0,983.0
120,6,1108.370786516854,1038.0337078651685
120,7,1091.695652173913,1298.863354037267
120,8,1111.2058823529412,1488.3921568627452
121,1,1093.3157894736842,500.37894736842105
121,2,1089.5,588.2222222222222
121,3,1089.125,694.125
121,4,1099.3725490196077,713.0130718954248
121,5,1074.8240740740741,781.4814814814815
121,6,1103.089552238806,1080.089552238806
122,1,1062.804347826087,638.8586956521739
122,2,1090.0,724.6666666666666
122,3,1148.8588235294117,747.6705882352941
122,4,1094.0,1184.6470588235295
122,5,1076.9,1332.05
122,6,1041.406779661017,1345.2711864406779
122,7,1089.1764705882354,1462.9803921568628
123,1,1099.7578125,1089.453125
123,2,1073.909090909091,1089.090909090909
123,3,1063.0,1203.2244897959183
124,1,1103.2513966480446,862.7765363128492
124,2,1101.6296296296296,894.8425925925926
124,3,1044.4137931034484,983.2758620689655
125,1,1082.3720930232557,735.0
125,2,1097.109589041096,918.7671232876712
125,3,1085.5227272727273,1095.090909090909
125,4,1108.088888888889,1179.874074074074
125,5,1078.3910256410256,1190.628205128205
125,6,1067.7676767676767,1338.3838383838383
125,7,1090.7391304347825,1530.1739130434783
126,1,1141.7263157894736,666.7157894736843
126,2,1108.5,1064.0
126,3,1158.4761904761904,1132.095238095238
127,1,1085.2745098039215,1277.9411764705883
128,1,1138.453125,732.890625
129,1,1096.7721518987341,566.7215189873418
129,2,1088.295081967213,615.8032786885246
129,3,1088.53125,887.8125
129,4,1100.2752293577983,1005.1100917431193
129,5,1117.611111111111,1116.1805555555557
129,6,1088.7209302325582,1408.4418604651162
130,1,1040.2,496.83076923076925
130,2,1100.24,1043.76
130,3,1084.2467532467533,1056.1948051948052
130,4,1094.049504950495,1150.4752475247524
130,5,1089.9130434782608,1226.2173913043478
130,6,1065.068376068376,1262.3162393162393
131,1,1069.1483870967743,450.28387096774196
131,2,1104.171052631579,690.0394736842105
131,3,1121.5,1009.5
131,4,1071.6333333333334,1134.6333333333334
132,1,1079.7052631578947,680.3473684210526
132,2,1087.1707317073171,739.780487804878
132,3,1081.5357142857142,812.3571428571429
132,4,1093.8648648648648,1062.2972972972973
132,5,1086.1,1070.62
132,6,1110.9375,1694.3125
133,1,1097.75,424.81048387096774
133,2,1081.6538461538462,560.2692307692307
133,3,1080.4568527918782,626.2944162436548
133,4,1083.5862068965516,1026.1379310344828
133,5,1079.8333333333333,1079.0972222222222
133,6,1087.0253164556962,1129.2784810126582
133,7,1070.9896907216496,1181.9381443298969
134,1,1077.4150943396226,443.9811320754717
134,2,994.4166666666666,991.25
134,3,1085.1346153846155,1135.8365384615386
134,4,1168.2,1747.0
135,1,1084.9326923076924,821.5769230769231
135,2,1093.1267605633802,1176.6478873239437
136,1,1077.4413145539907,627.5586854460093
136,2,1103.5,864.5
136,3,1058.5049019607843,1544.7745098039215
137,1,1098.421052631579,572.5263157894736
137,2,1079.9746835443038,774.2658227848101
137,3,1083.2916666666667,1004.5
137,4,1080.4299065420562,1087.8785046728972
137,5,1101.6164383561643,1212.7534246575342
137,6,1099.1491228070176,1320.359649122807
137,7,1087.2666666666667,1339.3333333333333
137,8,1105.804347826087,1368.2391304347825
137,9,1083.3181818181818,1672.9318181818182
138,1,1309.0941704035874,889.0597907324365
138,2,1098.7058823529412,877.5
138,3,1081.5,929.1481481481482
138,4,1074.4848484848485,997.3939393939394
138,5,1087.982608695652,1430.2260869565218
138,6,1125.128205128205,1459.8974358974358
139,1,1087.7936507936508,685.1428571428571
139,2,1071.487951807229,802.777108433735
139,3,1086.7,942.7
139,4,1055.3272727272727,967.1272727272727
139,5,1087.9285714285713,1320.142857142857
139,6,1065.7142857142858,1541.2857142857142
140,1,1090.8292682926829,720.7682926829268
140,2,1037.289156626506,938.4578313253012
140,3,1107.0,1081.3815789473683
140,4,1032.471264367816,1285.2643678160919
141,1,1065.8372093023256,1048.3255813953488
141,2,1082.3762376237623,1195.9108910891089
141,3,1067.625,1288.15625
141,4,1088.142857142857,1306.5
142,1,1033.3684210526317,671.0421052631579
142,2,1116.0,960.5
142,3,1082.0425531914893,988.3191489361702
142,4,1109.5,1125.5
142,5,1131.621052631579,1221.9473684210527
142,6,1090.2391304347825,1354.5434782608695
143,1,1078.8095238095239,737.047619047619
143,2,1078.5,1097.6216216216217
143,3,1172.941605839416,1266.6861313868612
144,1,1089.5766423357663,421.73722627737226
144,2,1099.2666666666667,698.9333333333333
144,3,1074.8691588785048,719.5046728971963
144,4,1068.5182481751824,748.7299270072992
144,5,1097.5555555555557,756.5185185185185
144,6,1085.3461538461538,1106.3461538461538
144,7,1081.264705882353,1347.0
144,8,1103.8271604938273,1644.962962962963
144,9,1169.9705882352941,1651.1470588235295
145,1,1097.1944444444443,966.9444444444445
145,2,1061.0,1001.0
145,3,1081.7857142857142,1166.5
145,4,1093.5635359116022,1219.4585635359117
146,1,1121.695652173913,787.4782608695652
146,2,1102.5,827.0
146,3,1067.1298701298701,1215.5454545454545
146,4,1076.439024390244,1301.7317073170732
147,1,1121.5944881889764,925.4606299212599
147,2,1053.6896551724137,1124.942528735632
148,1,1074.5,506.5
148,2,1109.4545454545455,710.1818181818181
148,3,1049.4666666666667,1341.1333333333334
149,1,1134.6736842105263,956.1368421052632
149,2,1121.4628099173553,1119.4628099173553
149,3,1047.48,1211.12
149,4,1129.9705882352941,1267.9460784313726
150,1,1091.0,396.1034482758621
150,2,1074.8090909090909,969.5727272727273
150,3,1069.6,1068.6
150,4,1059.5445544554455,1649.7524752475247
150,5,1101.5,1734.5
151,1,1017.7307692307693,422.34615384615387
151,2,1083.9148936170213,879.0
152,1,1074.2758620689656,1241.4137931034484
152,2,1090.5882352941176,1373.1176470588234
152,3,1057.95,1517.825
153,1,1066.9248120300751,447.2857142857143
153,2,1076.095238095238,845.6190476190476
153,3,1067.4578313253012,1055.289156626506
153,4,1043.0,1167.0
153,5,1131.6153846153845,1395.6615384615384
154,1,1091.9253731343283,392.35820895522386
154,2,1116.2345679012346,872.4629629629629
155,1,1079.8163265306123,788.1836734693877
155,2,1097.2857142857142,916.5
156,1,1128.9366197183099,668.2746478873239
156,2,1090.1290322580646,721.9677419354839
156,3,1097.9479166666667,920.9791666666666
156,4,1053.5,1012.1111111111111
156,5,1158.72,1219.3333333333333
156,6,1089.4044117647059,1245.0955882352941
157,1,1111.8,1028.0
157,2,1086.6470588235295,1055.7843137254902
157,3,948.65,1478.31
158,1,1103.862745098039,592.1633986928105
158,2,1053.5841584158416,1024.6633663366338
158,3,1081.7407407407406,1039.6172839506173
160,1,1090.5384615384614,684.9230769230769
160,2,1093.8484848484848,866.939393939394
160,3,1052.1785714285713,1287.392857142857
160,4,1002.8582677165355,1502.4881889763778
161,1,1106.4782608695652,625.4299516908212
161,2,1131.3815789473683,1100.0
161,3,1083.3333333333333,1288.8484848484848
162,1,1107.0,862.0
162,2,1119.7864077669904,1065.2330097087379
162,3,1057.8085106382978,1244.709219858156
162,4,1131.2978723404256,1278.8085106382978
162,5,1056.142857142857,1383.0
162,6,1065.0,1397.7752808988764
163,1,1088.2185430463576,730.615894039735
163,2,1078.3466666666666,966.7666666666667
163,3,1090.5806451612902,1185.4516129032259
163,4,1112.5,1214.0
163,5,1084.0892857142858,1325.7857142857142
164,1,1108.268817204301,495.63440860215053
164,2,1080.842105263158,634.9671052631579
164,3,1084.5154639175257,715.3711340206186
164,4,1128.9310344827586,849.1724137931035
164,5,1104.909090909091,856.3636363636364
164,6,1076.2735849056603,1166.9575471698113
164,7,1066.3777777777777,1404.5777777777778
165,1,1094.1129032258063,930.5
165,2,1102.891304347826,1223.3695652173913
165,3,1053.962962962963,1333.8148148148148
166,1,1090.5294117647059,832.7647058823529
166,2,1087.3666666666666,942.6333333333333
166,3,1071.3333333333333,1196.6666666666667
167,1,1068.96992481203,581.9473684210526
167,2,1109.0,673.8333333333334
167,3,1005.0508474576271,927.8898305084746
167,4,1057.2413793103449,939.448275862069
167,5,1078.967105263158,1029.7434210526317
167,6,1066.4730290456432,1150.6058091286307
167,7,1097.4444444444443,1211.1746031746031
168,1,1141.9166666666667,1093.5729166666667
168,2,1090.561403508772,1128.8245614035088
168,3,1092.0882352941176,1141.2058823529412
168,4,992.4137931034483,1198.6699507389162
169,1,1091.7058823529412,1158.2941176470588
169,2,1169.0,1953.0
170,1,1095.0197368421052,579.4473684210526
170,2,1082.5294117647059,1034.6050420168067
170,3,1110.012987012987,1098.7792207792209
170,4,1076.0428571428572,1169.892857142857
170,5,1099.0,1301.0
170,6,1147.452380952381,1432.404761904762
171,1,1107.25,537.6666666666666
171,2,1088.52688172043,958.9462365591398
171,3,1115.871794871795,1105.871794871795
171,4,1041.2442396313363,1451.3917050691243
172,1,1099.5636363636363,775.4545454545455
172,2,1001.9787234042553,874.0531914893617
173,1,1071.6009389671362,1110.4037558685445
174,1,1130.8823529411766,784.5882352941177
174,2,1066.5608108108108,1049.4662162162163
174,3,1035.8119266055046,1061.4449541284403
174,4,1084.4556962025317,1133.4556962025317
175,1,1005.9577464788732,918.8943661971831
175,2,1057.0,948.0
175,3,1095.5,1062.0
175,4,1033.9166666666667,1637.1666666666667
175,5,1070.1363636363637,1638.5227272727273
176,1,1046.0363636363636,921.4363636363636
176,2,1065.0740740740741,933.6666666666666
176,3,1066.5,1238.0
177,1,1091.4594594594594,373.7972972972973
177,2,1102.4032258064517,1120.1129032258063
177,3,1106.1530612244899,1139.8061224489795
177,4,1079.888888888889,1179.648148148148
178,1,1081.5,677.5
178,2,1102.5,956.2857142857143
178,3,1094.4117647058824,1088.7843137254902
179,1,1089.090909090909,757.6363636363636
179,2,1104.5081081081082,797.4864864864865
180,1,1174.9591836734694,549.5102040816327
180,2,1096.6,678.2
180,3,1105.7317073170732,1308.9024390243903
180,4,1084.8760330578511,1433.5867768595042
181,1,1081.5,1356.2857142857142
181,2,1044.5,1367.1612903225807
182,1,1160.7576374745418,401.9246435845214
182,2,1053.8214285714287,457.2142857142857
182,3,1078.7078651685392,737.2808988764045
182,4,1090.0666666666666,763.9
182,5,1119.75,803.95
182,6,1081.4556962025317,1196.4556962025317
183,1,1092.0666666666666,625.2222222222222
183,2,1058.0445859872611,659.031847133758
183,3,1036.55223880597,680.6529850746268
183,4,1089.0434782608695,728.2173913043479
183,5,1075.4343434343434,753.087542087542
183,6,1042.3361344537816,809.6470588235294
183,7,1080.719008264463,1558.0661157024792
184,1,1056.4594594594594,692.918918918919
184,2,1068.3467741935483,754.9354838709677
184,3,1082.3,918.88
184,4,1072.938775510204,926.3061224489796
184,5,1074.1904761904761,1060.2857142857142
184,6,1130.2280701754387,1140.6842105263158
184,7,1089.3703703703704,1366.9506172839506
185,1,1129.0210526315789,816.3263157894737
185,2,1082.219298245614,1371.3684210526317
186,1,1084.5,655.5
186,2,1067.0,1094.75
186,3,1102.967741935484,1244.6290322580646
186,4,1083.2576687116564,1462.7055214723925
187,1,1086.9775784753363,618.2107623318385
187,2,1103.2052631578947,626.2
187,3,1127.0102040816328,791.9591836734694
187,4,1063.608695652174,794.7391304347826
187,5,1083.5813953488373,893.0232558139535
187,6,1081.3902439024391,905.390243902439
187,7,1097.8251748251748,1264.4685314685314
188,1,1078.2967741935483,868.0387096774193
188,2,1064.8833333333334,1208.9666666666667
189,1,1095.9182389937107,1148.006289308176
189,2,1089.8837209302326,1210.1162790697674
189,3,1054.25,1262.361111111111
190,1,1075.2465753424658,858.0890410958904
190,2,1066.3561643835617,1081.5616438356165
190,3,1116.136,1128.528
190,4,1061.0,1133.5897435897436
190,5,1049.5454545454545,1199.6363636363637
191,1,1115.2291666666667,835.7708333333334
191,2,1078.6176470588234,1006.1470588235294
192,1,1086.6582278481012,788.873417721519
192,2,1120.5294117647059,854.1617647058823
192,3,1078.2686567164178,985.3432835820895
192,4,1100.4947368421053,1158.8631578947368
192,5,1081.8097014925372,1213.0261194029852
192,6,1074.5584415584415,1288.4805194805194
192,7,1127.8823529411766,1763.4117647058824
193,1,1063.483606557377,794.0655737704918
193,2,1088.871794871795,1152.128205128205
193,3,1090.5,1275.0
193,4,1015.6666666666666,1479.3333333333333
194,1,1055.6603773584907,319.22641509433964
194,2,1061.246153846154,651.9641025641025
194,3,1081.5897435897436,1076.2051282051282
194,4,1074.4137931034484,1672.0344827586207
195,1,1112.1351351351352,423.18918918918916
195,2,1092.4745762711864,861.0677966101695
196,1,1110.7954545454545,835.8863636363636
196,2,1111.0,955.0
196,3,1082.4324324324325,1182.2612612612613
197,1,1093.4556451612902,676.491935483871
197,2,1091.7714285714285,814.4285714285714
197,3,1077.8434782608695,1264.3304347826088
198,1,1066.9166666666667,624.9166666666666
198,2,1150.5555555555557,727.1333333333333
198,3,1080.2291666666667,768.9166666666666
198,4,1080.7474226804125,792.180412371134
198,5,1081.8,887.8923076923077
198,6,1097.2635658914728,1033.0
198,7,1048.0,1412.0
198,8,1113.5,1563.2142857142858
199,1,1088.1818181818182,640.4545454545455
199,2,1088.5510204081634,809.7755102040817
199,3,1066.5,1336.7058823529412
199,4,1087.5806451612902,1505.5483870967741
200,1,1077.418181818182,783.8
200,2,1036.4803149606298,1199.0472440944882
200,3,1032.875,1328.3392857142858
200,4,1065.8139534883721,1692.3255813953488
200,5,1095.0,1834.0
201,1,1086.3466666666666,385.3466666666667
201,2,1076.6346153846155,836.8653846153846
201,3,1094.103448275862,942.5862068965517
201,4,1103.9747899159663,1029.6050420168067
202,1,1084.1818181818182,622.5324675324675
202,2,1055.7833333333333,936.325
202,3,1091.3186813186812,1069.2142857142858
202,4,1110.8074074074075,1114.0296296296297
202,5,1049.0833333333333,1156.0277777777778
202,6,1088.8620689655172,1280.4137931034484
202,7,1099.0485436893205,1357.368932038835
203,1,1110.1864406779662,712.3983050847457
203,2,1081.8181818181818,862.5454545454545
203,3,1108.3090909090909,872.6181818181818
204,1,1013.0168776371308,547.6413502109705
204,2,1109.388888888889,853.2777777777778
205,1,1095.6666666666667,1002.5
205,2,1075.812030075188,1099.857142857143
206,1,1043.6857142857143,440.9142857142857
206,2,1080.7962962962963,1360.9259259259259
206,3,1078.3300970873786,1435.4563106796118
206,4,1084.48,1575.4
207,1,1097.8135593220338,524.4406779661017
207,2,1095.5346534653465,838.1039603960396
207,3,1079.9204545454545,986.5909090909091
207,4,1105.672131147541,1057.172131147541
207,5,1111.875,1131.5
207,6,1082.25,1168.625
207,7,1094.4102564102564,1203.0
207,8,1062.717277486911,1267.0994764397906
207,9,1109.5324675324675,1277.3116883116884
208,1,1112.3846153846155,595.6153846153846
208,2,1092.3969465648854,614.2709923664122
208,3,1096.412037037037,641.7453703703703
208,4,1086.5,671.5
208,5,1094.4378698224853,712.3550295857988
208,6,1087.1075268817203,876.2150537634409
209,1,1095.0,959.5
209,2,1091.72,1105.12
209,3,1039.8387096774193,1637.7096774193549
210,1,1079.0,1014.8846153846154
211,1,1099.5405405405406,999.918918918919
211,2,1068.921875,1018.859375
211,3,1051.0642201834862,1096.3761467889908
211,4,1090.5,1618.5
211,5,1070.142857142857,1642.857142857143
211,6,1115.2068965517242,1679.896551724138
212,1,1108.5,363.3076923076923
212,2,1074.4363636363637,950.6727272727272
213,1,1096.73732718894,651.3732718894009
213,2,1071.0681818181818,1213.659090909091
213,3,1165.857142857143,1320.0434782608695
213,4,1111.0,1592.842105263158
213,5,1092.3333333333333,1751.3333333333333
214,1,1117.2119205298013,637.615894039735
214,2,1123.9782608695652,790.6521739130435
214,3,1108.2063492063492,968.984126984127
214,4,1093.7142857142858,1081.5
214,5,1068.6333333333334,1126.6333333333334
214,6,1079.4328358208954,1136.7761194029852
214,7,1050.5882352941176,1423.8823529411766
214,8,1087.5,1598.5
215,1,1136.8625,521.95
215,2,1103.16,1103.26
215,3,1091.7241379310344,1110.5862068965516
216,1,1115.8214285714287,901.3928571428571
216,2,1090.0,1104.0
217,1,1104.0,872.0
217,2,1092.910447761194,1019.9104477611941
217,3,1198.3333333333333,1610.888888888889
218,1,1190.3333333333333,489.6666666666667
218,2,1124.857142857143,588.7142857142857
218,3,1085.7096774193549,778.8709677419355
218,4,1081.8092485549132,1053.0693641618498
219,1,1095.56,573.6
219,2,1097.012048192771,585.144578313253
219,3,1097.5,935.5
219,4,1046.985294117647,1020.3088235294117
219,5,1053.7559523809523,1452.8511904761904
220,1,1086.75,557.2244897959183
220,2,1092.3666666666666,581.3666666666667
220,3,1034.125,713.875
220,4,1114.4789915966387,969.6974789915967
220,5,1084.8505747126437,1213.942528735632
221,1,1026.9183673469388,674.3265306122449
221,2,1032.377049180328,702.6666666666666
221,3,1079.875,879.125
221,4,1067.7222222222222,924.8888888888889
222,1,1079.3302752293578,489.9678899082569
222,2,1078.0,928.5
222,3,1104.0520833333333,1154.7916666666667
222,4,1046.2777777777778,1690.888888888889
223,1,1071.494623655914,797.8387096774194
223,2,1090.764705882353,999.6153846153846
223,3,1105.7021276595744,1023.936170212766
223,4,1078.5,1472.0
223,5,1101.044776119403,1694.3432835820895
224,1,1090.015503875969,1060.2093023255813
224,2,1111.575,1206.5125
224,3,1060.3333333333333,1228.375
225,1,1107.313253012048,1167.0481927710844
225,2,1072.5,1443.0
226,1,1088.3,265.25
226,2,1090.5,666.0454545454545
226,3,1097.4153846153847,1519.076923076923
227,1,1162.5,1279.5
227,2,1046.063063063063,1286.8108108108108
227,3,1093.7671232876712,1341.6301369863013
227,4,1249.75,1484.8636363636363
227,5,1132.0,1698.5
228,1,1068.111111111111,1917.6666666666667
229,1,1077.909090909091,644.0909090909091
229,2,1083.225,808.10625
229,3,1062.9636363636364,988.5636363636364
230,1,1100.4,846.9666666666667
230,2,1094.8823529411766,1112.5882352941176
231,1,1095.3783783783783,802.4144144144144
231,2,1112.6821705426357,927.2635658914729
231,3,1105.5182481751824,1037.043795620438
231,4,1160.3333333333333,1125.4592592592592
232,1,1064.015625,663.9375
232,2,1075.3488372093022,679.4418604651163
232,3,1072.2459016393443,1104.672131147541
232,4,1103.0,1304.0
233,1,1089.0,1024.5
233,2,1072.0,1271.25
233,3,1103.7142857142858,1290.4897959183672
233,4,1039.516129032258,1943.483870967742
234,1,1111.141592920354,703.0530973451328
234,2,1092.2972972972973,987.9054054054054
234,3,1093.1935483870968,1081.0
234,4,1094.1205673758866,1330.3617021276596
234,5,1128.9117647058824,1392.5
234,6,1050.9905660377358,1571.801886792453
235,1,1117.6666666666667,933.3333333333334
235,2,1102.1716417910447,1167.0074626865671
236,1,1080.2395833333333,1310.7604166666667
236,2,1088.3875,1355.1375
236,3,1099.0,1551.7464788732395
237,1,1092.4777777777779,708.6777777777778
237,2,1094.4268292682927,735.2682926829268
237,3,1127.3057553956835,941.2985611510792
237,4,1154.4411764705883,1105.9352941176471
237,5,1061.5,1225.0
238,1,294.96,77.6
238,2,1096.6875,844.475
238,3,1094.090909090909,952.9090909090909
238,4,1067.4,1178.4
238,5,1039.5833333333333,1519.9166666666667
238,6,1039.0,1575.5
239,1,1091.5,874.0
239,2,1063.8,880.0
239,3,1094.8657407407406,1050.375
239,4,1061.842105263158,1199.842105263158
240,1,1026.825,458.175
240,2,1121.1407407407407,1191.9703703703703
240,3,1123.6666666666667,1634.3333333333333
241,1,1060.446153846154,375.15384615384613
241,2,1142.4754098360656,617.9344262295082
241,3,1091.5,900.1764705882352
241,4,1136.6969696969697,976.9090909090909
241,5,1055.7604166666667,1081.0104166666667
241,6,1111.5714285714287,1341.125
242,1,1111.9719101123596,502.41011235955057
242,2,1109.5,517.0
242,3,1085.2948717948718,682.8846153846154
242,4,1056.720430107527,1165.989247311828
242,5,1068.3497267759562,1291.0546448087432
242,6,1071.421052631579,1357.8947368421052
243,1,1071.7112676056338,643.6056338028169
243,2,1123.8095238095239,767.047619047619
243,3,1101.396551724138,917.6034482758621
243,4,1086.5,926.5
243,5,1065.2857142857142,933.9285714285714
243,6,1081.0765027322404,1014.7049180327868
243,7,1128.7096774193549,1113.274193548387
243,8,1021.3333333333334,1219.3333333333333
243,9,1112.490909090909,1477.581818181818
243,10,1028.948275862069,1620.9310344827586
243,11,1037.5,1617.5
244,1,1114.993865030675,596.2147239263803
244,2,1073.8333333333333,615.875
244,3,1065.0,1223.0
244,4,1153.7172413793103,1271.5172413793102
244,5,1018.1937984496124,1312.9147286821706
244,6,1145.667469879518,1330.3156626506025
245,1,1104.8955223880596,528.6268656716418
245,2,1076.8461538461538,829.3846153846154
245,3,1105.3292682926829,884.2926829268292
245,4,1101.5,921.5
245,5,1097.6280991735537,1197.5702479338843
245,6,1081.6,1487.8
246,1,1108.648148148148,1103.2592592592594
246,2,1065.3358208955224,1215.4253731343283
246,3,1062.7333333333333,1316.3333333333333
247,1,1099.656,490.104
247,2,1054.5584415584415,844.5194805194806
247,3,1108.4444444444443,993.0666666666667
247,4,1091.678700361011,1276.4909747292418
247,5,1131.5,1718.5555555555557
248,1,1100.7236842105262,581.2236842105264
248,2,1073.8358208955224,830.1492537313433
248,3,1086.214953271028,901.4299065420561
248,4,1097.6233766233765,1026.3766233766235
248,5,1083.6153846153845,1037.3846153846155
248,6,1044.4662162162163,1171.1824324324325
248,7,1115.984375,1588.078125
249,1,1161.1531531531532,448.9189189189189
249,2,1110.057142857143,707.9142857142857
249,3,1080.774193548387,887.4516129032259
249,4,1092.5142857142857,921.6857142857143
249,5,1108.6538461538462,1026.3461538461538
249,6,1093.6727272727273,1099.4363636363637
250,1,1097.4875,903.6125
250,2,1077.6,1122.2
250,3,1075.375,1238.0
251,1,1081.5131578947369,825.0657894736842
251,2,1093.655737704918,1031.1147540983607
252,1,1104.4375,464.71875
252,2,1054.925,1114.725
252,3,995.3924050632911,1205.4683544303798
252,4,1111.8188976377953,1381.3622047244094
253,1,1089.1904761904761,1002.2380952380952
253,2,1068.1630434782608,1009.9021739130435
253,3,1183.1015625,1161.71875
254,1,1099.1904761904761,824.952380952381
254,2,1079.0459363957598,940.8303886925795
254,3,1092.090909090909,992.9090909090909
254,4,1097.840579710145,1240.1304347826087
255,1,1080.453125,739.84375
255,2,1089.4857142857143,1102.142857142857
255,3,1087.4137931034484,1237.896551724138
255,4,1141.6308724832215,1278.241610738255
255,5,1066.78125,1278.9375
255,6,1058.4117647058824,1347.1176470588234
255,7,1085.5,1553.5
256,1,1110.6538461538462,903.6538461538462
256,2,1100.6349206349207,959.1428571428571
256,3,1013.6618705035971,1110.7482014388488
257,1,1078.7,378.95
257,2,1101.1525423728813,715.8474576271186
257,3,1071.1454545454546,729.6072727272727
258,1,1084.5,925.2857142857143
258,2,1115.3085106382978,1017.0957446808511
258,3,1121.8,1038.1076923076923
258,4,1066.7841726618706,1103.8776978417266
258,5,1077.1954022988505,1181.057471264368
258,6,1096.4260869565217,1188.1434782608696
259,1,1065.0,596.5
259,2,1076.8979591836735,651.5918367346939
259,3,1115.4308943089432,1180.6341463414635
260,1,1005.0555555555555,1216.9888888888888
260,2,1049.982142857143,1328.0535714285713
260,3,1040.875,1426.625
261,1,1126.8343558282209,466.8834355828221
261,2,1119.623188405797,1048.2753623188405
261,3,1090.0,1235.0
261,4,1165.5384615384614,1270.6923076923076
261,5,1076.1792452830189,1322.4716981132076
261,6,1135.4074074074074,1335.2592592592594
261,7,1331.08,1757.84
262,1,1081.5,1462.0
263,1,1085.4330708661416,630.503937007874
263,2,1062.9381443298969,832.2731958762887
263,3,1055.4468085106382,965.063829787234
263,4,1087.2432432432433,1061.2432432432433
263,5,1098.2,1080.0
263,6,1071.1584158415842,1179.920792079208
263,7,1105.5964912280701,1480.7543859649122
264,1,1127.8989898989898,895.3333333333334
264,2,1102.5,902.64
264,3,1077.0666666666666,939.0666666666667
264,4,1076.25,1336.0
265,1,1079.36,448.728
265,2,1051.3027210884354,666.4387755102041
265,3,1111.639344262295,926.311475409836
265,4,1084.7457627118645,1145.8305084745762
266,1,1070.340579710145,822.036231884058
266,2,1104.2872928176796,1341.5469613259668
267,1,1079.9259259259259,694.4074074074074
267,2,1079.686274509804,1355.5098039215686
268,1,1096.6206896551723,562.5172413793103
268,2,1085.265625,767.125
268,3,1056.764705882353,906.2352941176471
268,4,1102.5,1276.7058823529412
268,5,1078.5,1651.5
268,6,1070.8,1692.5
269,1,1150.764705882353,404.1764705882353
269,2,1103.8333333333333,535.0833333333334
269,3,1073.531914893617,601.5177304964539
269,4,1089.280487804878,736.5487804878048
269,5,1106.5593220338983,857.8135593220339
269,6,1115.0,1316.0
270,1,1070.0,464.0
270,2,1089.3125,984.9739583333334
270,3,1067.9285714285713,990.0
270,4,1063.4632587859426,1273.7699680511182
271,1,1095.591836734694,569.8367346938776
271,2,1080.1492537313434,1336.865671641791
272,1,1100.440414507772,464.4041450777202
272,2,1083.64,1030.192
273,1,1048.6896551724137,721.5793103448276
273,2,1057.7619047619048,1039.6190476190477
273,3,1120.7212121212121,1130.5757575757575
274,1,1082.179487179487,489.12820512820514
274,2,1116.179487179487,968.4102564102565
274,3,1089.7987421383648,1124.3522012578617
274,4,1075.6555555555556,1164.911111111111
275,1,1064.0,995.0
275,2,1091.1521739130435,1166.1847826086957
275,3,1085.4255319148936,1229.6808510638298
275,4,1068.6470588235295,1261.5294117647059
275,5,1054.0,1616.6923076923076
275,6,1068.6666666666667,1723.7843137254902
276,1,1068.9627906976743,481.446511627907
276,2,1079.060975609756,718.1463414634146
276,3,1143.04,998.6
276,4,1102.9634146341464,1386.7560975609756
277,1,1013.3305785123966,603.7768595041322
277,2,1118.2380952380952,907.9047619047619
277,3,971.7575757575758,1082.2424242424242
277,4,1124.625,1350.15625
278,1,1092.3697478991596,775.5882352941177
278,2,992.364705882353,807.4470588235295
278,3,1066.8,1765.56
279,1,1061.542372881356,394.46610169491527
279,2,1069.909090909091,1059.090909090909
279,3,1043.4,1099.2
279,4,1081.7171717171718,1241.5959595959596
279,5,1098.0,1334.3108108108108
279,6,1086.7142857142858,1335.5428571428572
279,7,1050.6495327102805,1386.8551401869158
280,1,1043.0877192982457,1133.6666666666667
281,1,1107.060606060606,1090.1515151515152
281,2,970.6530612244898,1156.6530612244899
281,3,1088.9333333333334,1706.6
282,1,1210.8333333333333,825.8823529411765
282,2,1091.5,896.0
282,3,1104.7636363636364,902.9272727272727
282,4,1082.8896551724138,972.8896551724138
282,5,1093.7142857142858,968.5
282,6,1092.2921348314608,1176.0674157303372
282,7,1108.3846153846155,1384.3846153846155
282,8,1080.9076923076923,1668.0
283,1,1113.0357142857142,459.2142857142857
283,2,1123.610294117647,503.1102941176471
283,3,1078.404761904762,874.5714285714286
283,4,1095.96875,921.4270833333334
283,5,906.3333333333334,968.3333333333334
283,6,1082.2439024390244,1028.0
283,7,1095.8345864661653,1276.7894736842106
284,1,1037.1860465116279,479.1162790697674
284,2,1100.5,760.4646017699115
284,3,1051.435606060606,786.064393939394
284,4,1089.8461538461538,802.5384615384615
284,5,1120.5,859.5
284,6,1134.0220994475137,1213.0220994475137
284,7,1166.2,1479.6
285,1,1043.5433070866143,748.8818897637796
285,2,1037.1666666666667,774.2777777777778
285,3,1091.128205128205,845.8717948717949
285,4,1013.3675213675214,1088.042735042735
285,5,1088.0641025641025,1535.5384615384614
286,1,1116.0,603.5
286,2,1165.684375,1347.840625
286,3,1086.7948717948718,1369.08547008547
286,4,1089.3148148148148,1664.2962962962963
287,1,1096.888888888889,429.6666666666667
287,2,1039.940170940171,634.974358974359
287,3,1081.5882352941176,750.8823529411765
287,4,1068.5,818.0
287,5,1090.6333333333334,858.6333333333333
287,6,1081.3301886792453,953.9150943396227
287,7,1074.3695652173913,1045.108695652174
287,8,1088.1764705882354,1284.9558823529412
287,9,1083.8301886792453,1518.811320754717
288,1,1087.8181818181818,1020.3636363636364
288,2,1072.872340425532,1131.9468085106382
289,1,1083.5128205128206,647.1025641025641
289,2,995.3636363636364,1023.0909090909091
290,1,988.4702380952381,865.672619047619
290,2,1062.4166666666667,880.375
290,3,1098.6610169491526,1276.7118644067796
290,4,1083.436170212766,1532.6063829787233
290,5,1077.3373493975903,1546.2650602409637
291,1,1134.946153846154,799.7846153846153
291,2,967.5170068027211,900.4013605442177
291,3,1086.625,1233.142857142857
291,4,1086.9056603773586,1260.132075471698
292,1,1079.95,910.9
292,2,1088.5,1007.2727272727273
292,3,1048.4812030075188,1264.360902255639
292,4,1058.6153846153845,1614.3846153846155
293,1,1101.2,883.0
294,1,1188.8955223880596,763.1044776119403
294,2,1095.967741935484,817.763440860215
294,3,1068.8241758241759,878.1318681318681
294,4,1109.911111111111,887.7111111111111
294,5,1051.7883211678832,985.7883211678832
295,1,1080.7333333333333,397.3333333333333
295,2,1050.7671232876712,874.8904109589041
295,3,1097.439024390244,1000.2317073170732
295,4,1089.725,1162.5
295,5,1102.142857142857,1285.5
296,1,1097.859375,783.875
296,2,1099.140625,840.34375
296,3,1058.6206896551723,964.7758620689655
296,4,1080.6,965.04
296,5,1053.5229885057472,1255.6954022988505
297,1,1045.2268041237114,639.3505154639175
297,2,982.7850467289719,857.2616822429907
297,3,1123.7179487179487,1448.1538461538462
298,1,1110.5,691.5
298,2,1078.8529411764705,1090.3823529411766
298,3,1073.436274509804,1131.171568627451
298,4,1092.225,1552.975
299,1,1215.4019607843138,1340.0
300,1,1105.3333333333333,901.6666666666666
300,2,1082.0,1032.5
300,3,1099.8636363636363,1191.5454545454545
300,4,1067.945945945946,1309.144144144144
300,5,1079.8510638297873,1464.2553191489362
301,1,1099.25,627.625
301,2,1098.2463768115942,842.768115942029
301,3,1070.7768595041323,974.6611570247934
301,4,1099.0,1014.0
301,5,1061.8985507246377,1167.9130434782608
302,1,1078.4819277108434,501.13253012048193
302,2,1094.2,557.6
302,3,1079.4313725490197,849.4705882352941
302,4,1084.512987012987,903.2142857142857
302,5,1103.6476683937824,1041.4248704663212
302,6,1092.923076923077,1150.6923076923076
303,1,1098.6818181818182,1099.8636363636363
303,2,1083.7241379310344,1133.5862068965516
303,3,1116.7407407407406,1298.5925925925926
304,1,1097.6363636363637,434.01604278074865
304,2,1107.7936507936508,953.9047619047619
304,3,1007.4444444444445,1035.8055555555557
304,4,1111.0,1543.0
304,5,1069.7931034482758,1652.948275862069
305,1,1139.7388535031846,578.828025477707
305,2,1097.0555555555557,718.0308641975308
305,3,1048.3456790123457,802.0905349794239
305,4,1090.0,885.0
305,5,1079.704918032787,1238.4426229508197
305,6,1083.876712328767,1347.6301369863013
305,7,1070.7704918032787,1494.704918032787
305,8,1109.6363636363637,1813.909090909091
306,1,1049.076923076923,539.2417582417582
306,2,1100.7981651376147,637.183486238532
306,3,1099.7894736842106,883.3684210526316
306,4,1063.0,1346.0
306,5,1074.0,1673.264705882353
307,1,1109.1089108910892,907.0792079207921
307,2,1075.7,970.1
307,3,1081.2,1140.1538461538462
307,4,1125.375,1377.142857142857
307,5,1102.65625,1694.71875
308,1,1085.0,769.0
308,2,1047.245283018868,887.6981132075472
308,3,1036.2051282051282,1003.8803418803419
308,4,1082.7222222222222,1189.888888888889
309,1,1093.873417721519,597.0
309,2,1098.081081081081,688.972972972973
309,3,1105.6190476190477,923.7619047619048
310,1,1065.3354838709677,1066.1483870967743
310,2,1088.9794520547946,1120.7945205479452
310,3,1099.0461538461539,1190.3076923076924
311,1,1049.9,1413.7
311,2,1079.0,1482.6506024096386
311,3,1027.5,1807.0
312,1,1075.6478873239437,1089.112676056338
312,2,1058.8899082568807,1106.7247706422017
312,3,1096.9811320754718,1196.9433962264152
312,4,1077.5978835978835,1372.936507936508
312,5,1074.3809523809523,1655.4761904761904
313,1,1095.7175572519084,412.0229007633588
313,2,1087.2037037037037,696.2407407407408
313,3,1091.827868852459,742.9590163934427
313,4,1069.5,1105.5
313,5,1099.3714285714286,1369.3085714285714
313,6,1103.7529411764706,1444.3529411764705
314,1,1073.6582278481012,614.5126582278481
314,2,1073.5212765957447,683.3936170212766
314,3,1070.5,999.5
314,4,1049.1509433962265,1338.5094339622642
314,5,1083.4262295081967,1377.4754098360656
314,6,1077.254716981132,1440.5094339622642
314,7,1088.7536231884058,1471.231884057971
315,1,1102.008,668.888
315,2,1081.76,1027.36
316,1,1154.6654929577464,683.3838028169014
316,2,1085.6206896551723,1643.0
317,1,1079.8071065989848,763.5177664974619
317,2,987.6902654867257,1018.858407079646
317,3,1107.3333333333333,1272.3333333333333
318,1,1076.921052631579,1155.407894736842
318,2,1076.6666666666667,1420.5
318,3,1091.6153846153845,1495.9615384615386
319,1,1085.3969465648854,708.4045801526718
319,2,1094.96261682243,1047.6448598130842
320,1,1068.3333333333333,689.3333333333334
320,2,1114.0,1112.9130434782608
320,3,1123.0,1195.5
320,4,1134.94,1716.96
321,1,1109.139534883721,630.0
321,2,1060.3728813559321,782.8305084745763
321,3,1079.6315789473683,1138.7894736842106
321,4,1075.3492063492063,1364.6984126984128
322,1,1100.2264150943397,687.6132075471698
322,2,1106.1927710843374,1190.1044176706828
322,3,1108.467889908257,1409.073394495413
322,4,1146.0,1594.0
323,1,1077.3461538461538,317.0
323,2,1072.8666666666666,648.4666666666667
323,3,1073.360465116279,1143.6162790697674
323,4,1089.313253012048,1479.3253012048192
324,1,1088.25,319.6
324,2,1058.542372881356,963.8474576271186
324,3,1112.6062992125985,1078.0708661417323
324,4,1071.888888888889,1201.3333333333333
324,5,1080.1736526946108,1211.88622754491
324,6,1051.6666666666667,1486.9122807017543
325,1,1108.1310344827587,536.3172413793103
325,2,1070.3333333333333,813.0222222222222
325,3,1150.8636363636363,975.5454545454545
325,4,1098.6119402985075,1272.2238805970148
325,5,1133.7,1402.8
326,1,1113.7377049180327,577.983606557377
327,1,1088.9912280701753,644.4166666666666
327,2,1085.875,838.875
327,3,1082.9489795918366,852.1938775510204
327,4,1108.12,939.28
327,5,1086.1818181818182,956.1818181818181
327,6,1080.4897959183672,971.1428571428571
327,7,1084.4324324324325,1425.945945945946
327,8,1105.9642857142858,1643.25
327,9,1073.090909090909,1651.3636363636363
328,1,1066.4705882352941,868.4313725490196
328,2,1159.3598484848485,1285.9242424242425
328,3,1084.235294117647,1499.7254901960785
329,1,1084.097902097902,887.9230769230769
329,2,1073.4545454545455,912.3636363636364
330,1,1083.9772727272727,790.75
330,2,1125.0925925925926,953.6111111111111
330,3,1091.0717131474103,1210.1513944223107
331,1,1106.5,887.5
331,2,1088.9473684210527,1020.078947368421
332,1,1056.6,1153.9
332,2,1127.0714285714287,1474.857142857143
333,1,1073.590909090909,620.7272727272727
333,2,1076.0714285714287,884.1904761904761
333,3,1013.1186440677966,922.1525423728814
333,4,1140.5428571428572,924.8785714285714
333,5,1114.6666666666667,1594.3333333333333
334,1,1030.080357142857,568.0982142857143
334,2,1081.0442477876106,721.5221238938053
334,3,1091.5714285714287,1040.2285714285715
334,4,1077.2,1052.6
334,5,1087.709219858156,1149.8439716312057
334,6,1098.2439024390244,1209.0
335,1,1075.7714285714285,731.8571428571429
335,2,1105.5806451612902,772.5483870967741
335,3,1104.9,1089.4444444444443
335,4,1087.6789838337183,1153.3718244803695
335,5,1115.8243243243244,1257.6081081081081
335,6,1083.5,1258.6363636363637
335,7,1057.4193548387098,1455.225806451613
335,8,1078.7142857142858,1591.4285714285713
336,1,1094.5,1141.5
336,2,1088.8484848484848,1192.060606060606
336,3,1030.875,1375.125
336,4,1075.2592592592594,1395.5555555555557
336,5,1126.6052631578948,1424.657894736842
336,6,1057.2105263157894,1456.0
337,1,1102.5,504.7142857142857
337,2,1098.8157894736842,1071.3157894736842
337,3,1099.0,1102.2105263157894
337,4,1105.0533333333333,1181.6533333333334
337,5,1104.5,1204.2857142857142
337,6,1091.4529147982062,1313.0
337,7,1105.6,1424.25
338,1,1095.0,551.5
338,2,1116.313725490196,923.7843137254902
338,3,1104.52,982.3
339,1,1066.5,840.5
339,2,1077.0869565217392,955.0
339,3,1090.8715083798882,1303.3296089385474
339,4,1087.111111111111,1418.962962962963
340,1,1100.6666666666667,1029.111111111111
340,2,1084.5072463768115,1059.8840579710145
340,3,1050.4204545454545,1283.8295454545455
340,4,1122.9010416666667,1340.5364583333333
341,1,1082.3333333333333,618.3333333333334
342,1,1074.6486486486488,606.918918918919
342,2,1092.0632911392406,1040.620253164557
342,3,1101.3684210526317,1208.7894736842106
342,4,1090.0869565217392,1529.4347826086957
343,1,1110.910447761194,885.9104477611941
343,2,1075.089552238806,907.9104477611941
343,3,1108.7142857142858,1093.5
343,4,1201.3108108108108,1593.8783783783783
344,1,1126.2926829268292,597.8130081300814
344,2,1069.3734939759036,725.2530120481928
344,3,1084.2727272727273,947.0454545454545
344,4,1117.6875,1163.35
344,5,1094.6478873239437,1197.112676056338
344,6,1084.2432432432433,1233.2432432432433
345,1,1101.235294117647,671.8823529411765
345,2,1058.6062992125985,935.7086614173228
345,3,1079.7843137254902,942.6862745098039
345,4,1086.7555555555555,984.7111111111111
345,5,1072.5,1031.6379310344828
345,6,1100.952380952381,1148.8809523809523
346,1,1128.4313725490197,1390.9607843137255
346,2,1102.460396039604,1461.5544554455446
347,1,1096.6927374301677,506.4581005586592
347,2,1085.0,922.7560975609756
347,3,1074.2706766917292,935.7744360902255
348,1,1084.6279069767443,1122.9186046511627
348,2,1103.611111111111,1344.861111111111
348,3,1074.5,1357.0
349,1,1061.7862068965517,872.1034482758621
350,1,1086.6935483870968,677.983870967742
351,1,1094.1538461538462,515.7692307692307
351,2,1092.340206185567,610.4536082474227
351,3,1128.2471264367816,776.6206896551724
351,4,1105.75,1069.0
352,1,1091.5131578947369,655.359649122807
352,2,1025.6842105263158,673.7719298245614
352,3,1097.5618556701031,683.5773195876288
352,4,1084.675,835.975
352,5,1073.5744680851064,1039.3191489361702
352,6,1139.5,1386.2
352,7,1127.012987012987,1460.2337662337663
353,1,1087.0,756.0
353,2,1071.1214285714286,985.4
353,3,1255.7881773399015,1096.142857142857
353,4,1095.267857142857,1286.0714285714287
354,1,1098.121951219512,911.5772357723578
354,2,1087.6518987341772,963.3481012658228
355,1,1067.5487804878048,738.5365853658536
355,2,1069.090909090909,1051.909090909091
356,1,1082.0,543.5
356,2,1090.1363636363637,899.1363636363636
356,3,1109.2666666666667,1179.9333333333334
356,4,1106.6222222222223,1502.9777777777779
357,1,1123.69,341.96
358,1,1029.9651162790697,590.5581395348837
358,2,1086.4302325581396,689.2790697674419
358,3,1084.376923076923,1316.8692307692309
358,4,1090.0,1719.2
359,1,1091.8235294117646,617.7478991596639
359,2,1088.3921568627452,689.6372549019608
359,3,1086.943661971831,749.5352112676056
359,4,1067.125,1063.125
359,5,1076.6390532544378,1169.2485207100592
360,1,1086.5621621621622,588.3297297297297
360,2,1072.4809523809524,683.0809523809523
360,3,1101.21875,1086.09375
360,4,1105.2692307692307,1182.3516483516485
360,5,1073.9473684210527,1223.078947368421
361,1,1107.2288135593221,616.3220338983051
361,2,1084.1363636363637,671.6363636363636
362,1,1093.9666666666667,597.0611111111111
362,2,1092.2,1281.5
362,3,1087.0,1387.2857142857142
362,4,1118.716814159292,1446.646017699115
363,1,1088.1754385964912,542.0438596491229
363,2,1087.3333333333333,585.6666666666666
363,3,1071.915254237288,906.2033898305085
363,4,1115.1190476190477,1262.126984126984
363,5,1078.5,1378.0
363,6,1086.8333333333333,1844.8333333333333
364,1,1095.8846153846155,761.2115384615385
364,2,1117.9923076923078,1115.0230769230768
364,3,1054.2380952380952,1297.6190476190477
364,4,1070.7037037037037,1315.111111111111
364,5,1034.125,1325.6666666666667
364,6,1069.658536585366,1384.6341463414635
364,7,1075.2857142857142,1627.5
364,8,1166.9333333333334,1745.0666666666666
365,1,1102.6153846153845,938.8717948717949
365,2,1109.2089552238806,1053.0149253731342
365,3,1189.9852398523985,1096.5571955719556
366,1,1103.611111111111,1075.388888888889
366,2,1073.4554455445545,1465.148514851485
367,1,1112.9618320610687,719.7022900763359
367,2,1040.3333333333333,845.1111111111111
367,3,1087.0,1026.0
367,4,1055.0,1059.0
367,5,1099.686567164179,1283.6716417910447
367,6,1117.2448979591836,1394.9591836734694
367,7,1542.797619047619,1511.9166666666667
367,8,1121.1914893617022,1537.3617021276596
368,1,1103.3703703703704,951.6296296296297
369,1,1095.4516129032259,796.989247311828
369,2,1117.7142857142858,1024.0
369,3,1118.3714285714286,1131.7571428571428
369,4,1092.6543209876543,1244.79012345679
370,1,1079.8048780487804,87.3170731707317
371,1,1087.2045454545455,739.5227272727273
371,2,1140.747311827957,758.516129032258
371,3,1078.842105263158,942.8421052631579
371,4,1118.0212765957447,1120.1702127659576
371,5,1104.0431034482758,1327.1293103448277
371,6,1058.463157894737,1327.6631578947367
371,7,1095.6,1401.8
371,8,1092.7777777777778,1522.5
372,1,1056.904761904762,494.6190476190476
372,2,1064.8947368421052,571.0584795321637
372,3,1103.4084507042253,580.9014084507043
372,4,1065.9431818181818,1276.125
373,1,1230.7428571428572,570.2
373,2,1118.5454545454545,645.5909090909091
373,3,1088.1785714285713,879.1309523809524
373,4,1125.768115942029,911.927536231884
373,5,1072.0740740740741,1252.4074074074074
373,6,1045.25,1453.6666666666667
374,1,1050.5481481481481,634.5703703703704
374,2,1049.804347826087,1040.3478260869565
374,3,1118.0795454545455,1126.8977272727273
374,4,1059.9638554216867,1217.9397590361446
374,5,986.5,1811.0
375,1,1102.5714285714287,296.7142857142857
375,2,1098.0,1306.5849056603774
376,1,1109.0,419.5
376,2,1091.4615384615386,839.5897435897435
376,3,1087.725663716814,1193.6902654867256
376,4,1102.6666666666667,1199.6666666666667
376,5,1087.090909090909,1213.909090909091
377,1,1096.857142857143,488.45054945054943
377,2,1079.225988700565,562.9661016949152
377,3,1080.5,578.7142857142857
377,4,1097.3431372549019,897.2156862745098
377,5,1114.148148148148,1475.5
377,6,1091.0,1623.0
378,1,1066.2,302.6
378,2,1105.0,1497.0
379,1,1174.1843575418995,1048.2486033519554
379,2,1110.5958904109589,1127.027397260274
379,3,1075.7,1210.1555555555556
380,1,1079.76,824.24
381,1,1078.4268292682927,945.5121951219512
381,2,1033.0723684210527,1251.171052631579
381,3,1050.3255813953488,1469.9883720930231
382,1,1046.531914893617,519.9063829787234
382,2,1089.2264150943397,769.8867924528302
382,3,1089.4,861.9538461538461
382,4,1096.75,887.6666666666666
382,5,1082.25,904.6666666666666
382,6,1144.5,1014.5
382,7,1101.4545454545455,1154.5454545454545
382,8,1077.8181818181818,1215.009090909091
382,9,1145.0229885057472,1535.2528735632184
383,1,1064.0483870967741,634.1774193548387
383,2,1089.9024390243903,831.1829268292682
383,3,1066.0,1096.8260869565217
384,1,1066.4642857142858,766.6428571428571
384,2,1079.8333333333333,1043.1666666666667
384,3,1097.6806722689075,1274.5294117647059
384,4,1072.8181818181818,1296.8181818181818
384,5,1071.4657534246576,1418.3424657534247
384,6,1096.0,1624.5
385,1,1097.6161616161617,641.4343434343434
385,2,1129.2586206896551,660.8620689655172
385,3,1069.025641025641,724.7435897435897
385,4,1103.6068376068376,1161.4871794871794
385,5,1079.1538461538462,1239.9038461538462
385,6,1100.8840579710145,1266.927536231884
386,1,1091.8,688.44
386,2,1070.7843137254902,1098.313725490196
386,3,1104.9295774647887,1127.3521126760563
386,4,1077.888888888889,1550.3333333333333
387,1,1080.674074074074,540.7407407407408
387,2,1049.6216216216217,601.5135135135135
387,3,1098.5510204081634,720.5918367346939
387,4,1079.3333333333333,758.3333333333334
387,5,1143.3783783783783,955.1081081081081
387,6,1087.8285714285714,1203.2
387,7,1289.2,1371.4
388,1,975.3809523809524,594.934065934066
388,2,1069.8154761904761,630.672619047619
388,3,1109.9772727272727,718.75
388,4,1081.7942857142857,741.0971428571429
388,5,1029.0357142857142,1208.0982142857142
388,6,1117.5,1689.0
389,1,1090.5,452.5
389,2,1082.4605263157894,572.4407894736842
389,3,1086.592105263158,746.4473684210526
389,4,1076.6050420168067,942.5294117647059
389,5,963.1014492753624,1572.0579710144928
390,1,1080.0144927536232,489.32608695652175
390,2,1089.4871794871794,736.4102564102565
390,3,1088.4727272727273,1020.3636363636364
390,4,1087.75,1121.5086206896551
390,5,1114.5943396226414,1139.7641509433963
390,6,1084.855072463768,1192.536231884058
390,7,1070.3133333333333,1197.7933333333333
391,1,1068.9806763285023,666.9903381642512
391,2,1091.017543859649,777.6140350877193
391,3,1109.3214285714287,869.4047619047619
391,4,1093.283950617284,932.0246913580247
391,5,1100.4041916167664,1346.3622754491018
392,1,1005.205574912892,747.7421602787457
392,2,1111.8958333333333,758.1875
392,3,1108.0291262135922,788.7184466019418
392,4,1104.25,1027.9479166666667
392,5,1044.5,1091.047619047619
393,1,1088.9518072289156,667.7469879518072
393,2,1059.909090909091,824.0909090909091
393,3,1094.9278350515465,1207.8659793814434
393,4,1026.5,1301.7058823529412
394,1,1092.3823529411766,360.8970588235294
394,2,1076.128205128205,912.8717948717949
394,3,1112.9166666666667,915.9166666666666
394,4,1083.1,1189.05
394,5,1076.2169811320755,1298.0094339622642
394,6,1089.849315068493,1330.2397260273972
394,7,1134.967213114754,1497.360655737705
395,1,1093.668181818182,472.9681818181818
395,2,1055.2985074626865,683.4626865671642
395,3,1132.1411764705883,868.3882352941176
395,4,1113.2916666666667,905.0
395,5,1098.1860465116279,922.8372093023256
395,6,1108.3733333333332,952.7133333333334
395,7,1072.81512605042,1141.3529411764705
395,8,1084.090909090909,1154.3636363636363
395,9,1059.891304347826,1471.391304347826
396,1,1097.8714285714286,963.8142857142857
396,2,1106.939393939394,1037.1515151515152
397,1,1064.3935483870969,582.9225806451612
397,2,1047.5384615384614,1113.1538461538462
397,3,1109.698224852071,1132.396449704142
397,4,1106.948717948718,1554.679487179487
398,1,1089.7014925373135,497.1940298507463
398,2,1120.5714285714287,1144.2285714285715
398,3,1098.5,1415.5
399,1,1110.4303797468353,409.32911392405066
399,2,1114.136,578.344
399,3,1061.5666666666666,583.0833333333334
399,4,1109.9473684210527,1139.7894736842106
399,5,1078.3105263157895,1222.8105263157895
399,6,1120.561797752809,1422.8202247191011
400,1,1106.4853556485355,639.3598326359833
400,2,1130.9868421052631,736.0657894736842
400,3,1096.5656565656566,819.8181818181819
400,4,1095.4666666666667,863.8666666666667
400,5,1015.4070796460177,912.29203539823
400,6,1150.66,938.13
400,7,1081.1313131313132,1041.7171717171718
400,8,1126.5188679245282,1079.5188679245282
401,1,1102.9117647058824,394.6470588235294
401,2,1074.0444444444445,730.2666666666667
401,3,1091.909090909091,1013.3030303030303
401,4,1097.7534246575342,1079.3561643835617
401,5,1133.44,1170.9733333333334
401,6,1146.3333333333333,1318.6666666666667
401,7,1064.888888888889,1522.375
401,8,1102.4130434782608,1686.3478260869565
402,1,1109.801724137931,773.4913793103449
402,2,1052.8260869565217,928.0
402,3,1104.0714285714287,1727.6904761904761
403,1,1107.7380952380952,658.3452380952381
403,2,1085.5486725663716,842.5132743362832
403,3,1088.7708333333333,1027.2291666666667
403,4,1080.051282051282,1076.7179487179487
404,1,1090.916905444126,654.458452722063
404,2,1173.3666666666666,1121.3666666666666
405,1,1149.581818181818,473.1272727272727
405,2,1095.1842105263158,872.3157894736842
405,3,1083.5,901.2142857142857
405,4,1107.6774193548388,929.0806451612904
405,5,1099.0714285714287,1022.7589285714286
405,6,1073.8333333333333,1618.8333333333333
406,1,1115.08,1502.0
407,1,1128.5744680851064,491.8085106382979
407,2,1092.0714285714287,613.0357142857143
407,3,1090.9887640449438,710.2134831460675
407,4,1079.4883720930231,1141.139534883721
407,5,1111.5851063829787,1372.6914893617022
407,6,1061.3225806451612,1435.3709677419354
408,1,1051.2652173913043,710.7913043478261
408,2,1107.2056737588653,797.2198581560284
408,3,1083.8877551020407,902.8877551020408
408,4,1079.02,1062.3
408,5,1102.0877192982457,1317.122807017544
408,6,1096.9058823529413,1433.1764705882354
408,7,1038.875,1782.125
409,1,1055.0,524.9444444444445
409,2,1050.9166666666667,531.0833333333334
409,3,1089.1846153846154,970.0
409,4,1079.0428571428572,1160.9785714285715
409,5,1104.3714285714286,1271.5
409,6,1115.111111111111,1288.3333333333333
409,7,1029.5621890547263,1373.3930348258707
410,1,1105.2074074074073,527.6370370370371
410,2,1086.8181818181818,595.5454545454545
411,1,1067.6170212765958,772.9893617021277
411,2,1087.0833333333333,1091.638888888889
411,3,1114.7474747474748,1175.2929292929293
411,4,1117.3833333333334,1374.9166666666667
412,1,1130.5,521.0
412,2,1093.1818181818182,603.4242424242424
412,3,1108.7843137254902,773.843137254902
412,4,1079.4942528735633,1350.3908045977012
412,5,1081.7176470588236,1505.4823529411765
413,1,1093.825,499.5
413,2,1090.725806451613,819.0
413,3,1092.877358490566,981.9150943396227
413,4,1107.0,1179.75
414,1,1095.3333333333333,628.7074829931972
414,2,1110.8526315789475,1106.1684210526316
414,3,1101.448275862069,1293.5862068965516
414,4,991.5,1367.0
414,5,1078.1625,1400.1875
414,6,1077.5505617977528,1422.9775280898875
415,1,1130.984375,417.765625
415,2,1119.8850574712644,663.3333333333334
415,3,1035.6734693877552,712.4285714285714
415,4,1142.472049689441,736.3975155279503
415,5,1084.8484848484848,856.060606060606
415,6,1090.2474226804125,906.8247422680413
415,7,1070.502415458937,1142.5942028985507
415,8,1068.6705882352942,1225.6588235294118
415,9,1061.8214285714287,1327.607142857143
415,10,1041.1565217391305,1436.7478260869566
416,1,1104.0790697674418,809.7348837209303
416,2,1111.8866666666668,870.4133333333333
416,3,1099.1523178807947,945.0198675496689
416,4,1075.0,1006.5
416,5,1046.296875,1199.734375
416,6,1099.6290322580646,1343.9516129032259
417,1,1084.4761904761904,652.2619047619048
417,2,1075.9285714285713,683.0
417,3,1097.1363636363637,803.4545454545455
417,4,1089.8181818181818,966.4973262032086
417,5,1103.2857142857142,1025.5
417,6,1088.3666666666666,1211.3666666666666
417,7,1083.4,1219.2
417,8,1161.66,1258.72
417,9,1098.0,1286.0
417,10,1076.982456140351,1407.578947368421
418,1,1024.6973684210527,836.7763157894736
418,2,1048.2045454545455,954.2840909090909
418,3,1074.6064814814815,1101.726851851852
418,4,1078.1028037383178,1339.3271028037384
418,5,1116.7380952380952,1388.4166666666667
419,1,1099.2537313432836,354.74626865671644
419,2,1113.5416666666667,368.0138888888889
419,3,1089.3076923076924,735.0538461538462
419,4,1103.1046511627908,807.0232558139535
419,5,1099.3275862068965,1029.155172413793
419,6,1065.7142857142858,1168.5
419,7,1074.0,1373.0
419,8,1111.1645569620252,1558.8227848101267
419,9,1104.0972222222222,1602.25
420,1,1091.3529411764705,596.0392156862745
420,2,1088.654761904762,906.2857142857143
420,3,1120.96,951.4
420,4,1098.5714285714287,1123.6734693877552
420,5,1038.7317073170732,1230.9024390243903
420,6,1123.6764705882354,1444.3823529411766
421,1,1072.5411764705882,328.3764705882353
421,2,1030.1694915254238,817.2033898305085
421,3,1087.7551020408164,1168.9183673469388
421,4,1068.015873015873,1224.7936507936508
421,5,1064.027027027027,1258.953667953668
422,1,1064.8092105263158,526.4342105263158
422,2,1053.764705882353,1441.9411764705883
423,1,1096.9605263157894,405.5657894736842
423,2,1094.485436893204,651.6893203883495
423,3,1133.2985074626865,758.0099502487562
423,4,1123.1724137931035,941.5344827586207
424,1,1114.0,315.5
424,2,1100.9,996.3
424,3,1106.343949044586,1081.56050955414
424,4,1093.5,1121.5
424,5,1086.438596491228,1132.8245614035088
424,6,1063.375,1148.25
424,7,1111.1120689655172,1171.0603448275863
424,8,1094.4,1542.3925925925926
425,1,1083.4126984126983,645.2063492063492
425,2,1098.6491228070176,743.2456140350877
425,3,1092.6290322580646,984.9516129032259
426,1,1079.9765258215962,518.9483568075117
426,2,1084.9117647058824,853.6029411764706
426,3,1095.125,1091.3125
426,4,1059.6973684210527,1134.3947368421052
426,5,1082.611111111111,1238.861111111111
427,1,1130.0,964.1846153846154
427,2,1091.0,1040.725806451613
428,1,1036.0,483.0
428,2,1087.057142857143,826.5714285714286
428,3,1098.0,995.5
428,4,1075.089552238806,1148.089552238806
429,1,1079.9484536082475,821.2061855670103
429,2,1092.0980392156862,936.5
429,3,1082.013888888889,1228.9305555555557
429,4,1087.9423076923076,1270.0576923076924
429,5,1110.225352112676,1277.4366197183099
429,6,1156.585520361991,1375.8
430,1,1087.2061855670104,959.159793814433
430,2,1090.8461538461538,1002.7692307692307
430,3,1093.0,1119.7575757575758
430,4,1134.4117647058824,1239.6764705882354
430,5,1082.1339285714287,1261.1964285714287
430,6,1144.0425531914893,1311.6851063829788
431,1,1097.3716216216217,536.1486486486486
431,2,1098.6415094339623,798.1509433962265
431,3,1108.2592592592594,966.5925925925926
431,4,1087.0,1451.0
432,1,1076.1666666666667,954.7888888888889
432,2,1076.2439024390244,987.0
432,3,1085.8,1077.0
432,4,1086.5,1160.2857142857142
432,5,1086.0422535211267,1208.3239436619717
432,6,1072.529715762274,1316.3229974160206
432,7,1092.2173913043478,1388.0652173913043
433,1,1074.5,832.0
433,2,1069.1,1155.61
433,3,1058.4315352697095,1350.311203319502
434,1,1094.0,544.5
434,2,1092.0857142857142,572.7714285714286
434,3,1112.095238095238,838.6190476190476
434,4,1081.2758620689656,989.7413793103449
434,5,1084.0461538461539,1108.246153846154
434,6,1214.490909090909,1442.5727272727272
435,1,1124.842105263158,824.1578947368421
435,2,1078.375,1272.25
436,1,1136.8,358.8
436,2,1091.8645833333333,433.6458333333333
436,3,1078.7142857142858,1160.5
436,4,1115.2613065326634,1289.6180904522614
438,1,1078.7926829268292,787.6219512195122
438,2,1073.7222222222222,805.4814814814815
438,3,1063.546218487395,872.5210084033613
438,4,1098.7567567567567,1047.1756756756756
438,5,1100.0535714285713,1123.267857142857
439,1,1080.1136363636363,836.2045454545455
439,2,1104.8872180451128,871.6992481203008
439,3,1069.327868852459,1451.811475409836
439,4,1068.4583333333333,1462.75
441,1,1052.4516129032259,662.1290322580645
441,2,1091.7555555555555,841.1444444444444
441,3,982.0,1021.5
441,4,1080.0104166666667,1206.5
441,5,1125.8333333333333,1295.8333333333333
442,1,1074.2459016393443,718.1311475409836
442,2,1067.894117647059,1284.0823529411764
443,1,1090.3526011560693,629.4913294797688
443,2,1083.9818181818182,679.2727272727273
443,3,1078.0333333333333,894.6
443,4,1110.5,1105.0
443,5,1090.25,1123.75
443,6,1063.27734375,1246.13671875
443,7,1208.6511627906978,1495.8682170542636
443,8,1094.3636363636363,1553.090909090909
444,1,1108.2,465.6
444,2,1067.3024390243902,776.8439024390244
444,3,1101.375796178344,864.8216560509554
445,1,1118.6923076923076,795.8461538461538
445,2,1055.7142857142858,1106.0
445,3,1067.7565217391304,1184.7739130434782
446,1,1091.0928571428572,913.1
446,2,1131.939393939394,1187.1090909090908
446,3,1049.6666666666667,1300.6666666666667
446,4,1070.3214285714287,1614.5982142857142
447,1,1091.3846153846155,600.8571428571429
448,1,1097.6451612903227,636.1935483870968
448,2,1071.3235294117646,961.5882352941177
448,3,1060.4825174825176,1200.8741258741259
448,4,1096.3666666666666,1545.6333333333334
449,1,1050.7317073170732,405.390243902439
449,2,1159.4098360655737,1037.655737704918
449,3,1075.8181818181818,1175.8181818181818
449,4,1091.1333333333334,1191.7333333333333
449,5,1065.9406779661017,1534.0338983050847
450,1,1082.4117647058824,759.1176470588235
450,2,1108.1666666666667,771.8333333333334
450,3,1105.0,1190.0
451,1,1094.357142857143,1122.9583333333333
451,2,1121.4521739130435,1147.3826086956522
451,3,1114.867924528302,1440.4811320754718
451,4,1091.5,1648.7272727272727
451,5,1066.7368421052631,1718.8105263157895
452,1,1085.0,756.0
452,2,1105.111111111111,1036.7222222222222
452,3,1114.3207547169811,1192.9433962264152
452,4,1056.0979381443299,1295.6030927835052
453,1,1112.9782608695652,846.6521739130435
453,2,1100.6022727272727,1497.8636363636363
453,3,1062.560975609756,1703.4634146341464
454,1,1098.1363636363637,857.1363636363636
454,2,1030.561403508772,994.1754385964912
454,3,1039.0588235294117,1072.0588235294117
454,4,1071.4,1351.4
454,5,1156.6818181818182,1434.0454545454545
454,6,1084.5483870967741,1614.1612903225807
455,1,1052.2575757575758,448.34090909090907
455,2,1015.4036697247707,655.1100917431193
455,3,1084.1208053691275,821.2416107382551
455,4,1067.7302631578948,1020.1842105263158
455,5,1066.3010752688172,1513.5806451612902
456,1,1134.5111111111112,543.4444444444445
456,2,1092.5,725.5
456,3,1071.0666666666666,985.4444444444445
456,4,1218.9541984732825,1026.7557251908397
456,5,1081.6565656565656,1351.6767676767677
457,1,1078.0967741935483,477.93548387096774
457,2,1107.0105263157895,540.9473684210526
457,3,1091.5087719298247,816.2105263157895
457,4,1106.5744680851064,863.468085106383
457,5,1052.4430379746836,941.5316455696203
458,1,1086.718309859155,773.3380281690141
458,2,1109.127659574468,1035.127659574468
459,1,1102.7894736842106,582.0
459,2,1090.1042944785277,687.2638036809816
459,3,1091.3975903614457,761.433734939759
459,4,1097.5,890.5
459,5,1092.8227848101267,928.3417721518987
459,6,1083.607142857143,1123.232142857143
459,7,1101.2222222222222,1131.5
459,8,1096.3389830508474,1165.7118644067796
459,9,1068.921052631579,1257.407894736842
459,10,1058.9462365591398,1315.3548387096773
460,1,1095.7760416666667,812.5208333333334
460,2,1117.654867256637,1021.5929203539823
460,3,1121.164383561644,1244.6438356164383
461,1,1075.5502392344497,852.0334928229665
461,2,1070.44776119403,977.8880597014926
461,3,1091.541935483871,1108.8129032258064
461,4,1094.6,1410.28
462,1,1078.0,1290.2209302325582
462,2,1072.0,1398.45
462,3,1096.1166666666666,1492.5666666666666
463,1,1108.8235294117646,344.47058823529414
463,2,1106.5483870967741,1034.5806451612902
463,3,1088.75,1367.7619047619048
464,1,1102.2567567567567,408.06756756756755
464,2,1130.3309352517986,715.589928057554
464,3,1002.2747663551402,1030.1457943925234
464,4,1117.842105263158,1173.842105263158
464,5,1109.5444444444445,1288.4722222222222
464,6,1021.6111111111111,1480.611111111111
465,1,1083.0742857142857,593.7171428571429
465,2,1086.370588235294,1128.3470588235293
465,3,1048.8345323741007,1173.6187050359713
465,4,1091.767857142857,1501.7857142857142
466,1,1103.5,410.66129032258067
466,2,1091.5198237885463,456.9603524229075
466,3,1121.875,969.125
467,1,1073.9859154929577,607.3427230046948
467,2,1115.5,639.5
467,3,1110.409090909091,682.8939393939394
467,4,1114.2022471910113,1035.3932584269662
468,1,1132.8372093023256,656.8081395348837
468,2,1052.5333333333333,1184.7111111111112
468,3,1034.9128540305012,1213.9498910675381
468,4,1089.25,1368.890625
469,1,1079.2208333333333,725.5208333333334
469,2,1037.3,877.8
469,3,1092.075,938.8
469,4,1028.1818181818182,1133.5324675324675
469,5,1081.1818181818182,1177.030303030303
469,6,1090.4402985074628,1248.5746268656717
469,7,1050.608695652174,1296.0434782608695
469,8,1082.4313725490197,1298.4705882352941
469,9,1082.175572519084,1337.381679389313
469,10,1105.7142857142858,1365.0
469,11,1096.0,1620.0
470,1,1063.909090909091,464.09090909090907
470,2,1069.9234449760766,677.5023923444976
470,3,1097.7,1031.7
470,4,1107.6744186046512,1245.7209302325582
471,1,1104.5,862.0
471,2,1067.5,1275.5
472,1,1092.5375,730.25
473,1,1091.1945945945945,1390.118918918919
474,1,1039.1515151515152,469.3030303030303
474,2,1086.5,744.0
474,3,1103.6190476190477,914.4380952380952
475,1,1182.4476744186047,523.3372093023256
475,2,1073.6083916083917,576.0629370629371
475,3,1095.7572815533981,727.5242718446602
475,4,1080.1617647058824,875.4044117647059
475,5,1104.3578947368421,880.8210526315789
475,6,1077.6774193548388,954.0967741935484
475,7,1153.388888888889,1008.3888888888889
475,8,1087.7708333333333,1068.2291666666667
475,9,1092.5,1088.0
475,10,1137.6969696969697,1307.090909090909
476,1,807.520325203252,515.7642276422764
476,2,1067.908163265306,897.3673469387755
476,3,1061.4,1002.4
476,4,1105.6713615023475,1180.1173708920187
476,5,1077.048076923077,1196.429487179487
477,1,1081.918918918919,797.6216216216217
477,2,1073.0,821.0
477,3,1135.360294117647,1330.9705882352941
478,1,1093.881188118812,867.1782178217821
478,2,1117.9117647058824,1017.7941176470588
478,3,1056.140625,1049.0078125
478,4,1077.7037037037037,1446.0
479,1,1104.4567901234568,777.3888888888889
479,2,1105.2328767123288,865.8904109589041
479,3,1078.0,1070.0
479,4,1079.2377622377621,1176.4825174825176
479,5,991.59375,1464.59375
480,1,1085.2777777777778,825.1666666666666
480,2,1072.5,954.0
480,3,1150.142857142857,1267.6666666666667
480,4,1079.9574468085107,1305.6808510638298
480,5,1079.9125,1328.4
481,1,1090.3454545454545,941.0727272727273
481,2,1072.2439024390244,1016.0
481,3,1070.4670050761422,1123.274111675127
481,4,1098.2698412698412,1507.3809523809523
482,1,1074.5,302.6666666666667
482,2,1090.8461538461538,402.28205128205127
482,3,1095.5,1655.5
483,1,1066.0,1118.5
483,2,1100.3333333333333,1402.3333333333333
484,1,1096.9756097560976,1237.3292682926829
484,2,1085.5257731958764,1406.1752577319587
485,1,1062.6666666666667,697.6612903225806
485,2,1072.6842105263158,899.8157894736842
485,3,1096.5,906.0
485,4,1061.1216216216217,1198.2972972972973
485,5,1065.5337837837837,1285.4054054054054
485,6,1083.5,1318.0
486,1,1091.5,531.5
486,2,1075.1933701657458,676.4475138121547
486,3,1097.4430379746836,717.4810126582279
486,4,1087.04,755.02
486,5,1104.3118279569892,773.4462365591398
486,6,1098.0392156862745,849.5228758169935
486,7,1109.0277777777778,1106.0833333333333
486,8,1091.128205128205,1131.871794871795
487,1,1085.3297872340424,713.886524822695
487,2,1083.6842105263158,907.1842105263158
487,3,1113.0714285714287,916.047619047619
487,4,1073.953216374269,1039.5730994152048
487,5,1111.0,1230.5
487,6,1180.1875,1327.53125
488,1,1047.8300653594772,753.1633986928105
488,2,1092.1176470588234,1334.1680672268908
488,3,1086.8174603174602,1536.373015873016
489,1,1116.0840336134454,429.02521008403363
489,2,1098.2936507936508,443.96031746031747
489,3,1040.5263157894738,562.0
489,4,1046.3846153846155,775.8461538461538
489,5,1103.0869565217392,1239.7826086956522
489,6,1063.6666666666667,1558.8166666666666
490,1,1071.4024390243903,954.4878048780488
490,2,1085.816,980.56
490,3,1065.8192771084337,1155.0060240963855
491,1,1076.6285714285714,791.7333333333333
491,2,1092.2903225806451,1140.7096774193549
491,3,1078.075,1163.8
491,4,1055.8775510204082,1466.8979591836735
492,1,1104.931623931624,280.4957264957265
492,2,1070.08,480.41333333333336
492,3,1095.3666666666666,749.3666666666667
492,4,1110.6734693877552,960.4285714285714
492,5,1169.5232558139535,1125.2441860465117
492,6,1080.090909090909,1155.909090909091
493,1,1114.3298059964727,701.0440917107584
493,2,1045.0686274509803,1201.421568627451
493,3,1102.7560975609756,1233.0
493,4,954.1592356687898,1415.1464968152866
494,1,1089.7878787878788,497.75757575757575
494,2,1137.5703125,576.703125
494,3,1091.2875,743.75
494,4,1170.3365384615386,1431.8846153846155
495,1,1083.3471502590673,568.2020725388601
495,2,1112.4150943396226,1140.6792452830189
495,3,1070.125,1170.6666666666667
495,4,1086.0,1178.0
495,5,1076.5,1287.0
496,1,1120.1168831168832,844.1168831168832
496,2,1091.8666666666666,940.75
496,3,1066.075,1163.8
497,1,1062.3229166666667,1145.1354166666667
497,2,1137.801724137931,1179.7155172413793
497,3,1101.7027027027027,1427.081081081081
497,4,1087.75,1524.3333333333333
497,5,1109.5,1665.0
497,6,1134.909090909091,1752.909090909091
498,1,1070.139534883721,804.0
498,2,1095.5,1120.5
499,1,1085.4035087719299,575.9298245614035
499,2,1100.5911949685535,867.5849056603773
499,3,1078.765625,946.046875
499,4,1075.108695652174,1047.3695652173913
499,5,1125.5214285714285,1104.2857142857142
